"""
Winning Moves with a 4x5 board

|0|1|2|3|4|
|5|6|7|8|9|
|10|11|12|13|14|
|15|16|17|18|19|

# column wins
[(0,5,10,15), (1,6,11,16), (2,7,12,17), (3,8,13,18),(4,9,14,19)]

# rows
[(0,1,2,3), (1,2,3,4) (5,6,7,8), (6,7,8,9), (10,11,12,13), (11,12,13,14), (15,16,17,18), (16,17,18,19)]

# diagonals
[(0,6,12,18), (1,7,13,19), (15,11,7,3), (16,12,8,4), (19,13,8,2), (18,12,6,0)]
"""